,单品名称,销售金额(元),销量(千克),加权平均单价,日销量平均数(千克)
0,七彩椒(1),5557.9864,263.192,21.117611477552508,0.24257327188940092
1,七彩椒(2),8980.4066,370.033,24.269204638505215,0.3410442396313364
2,七彩椒(份),91.0,18.0,5.055555555555555,0.016589861751152075
3,上海青,56891.4632,7606.756,7.479070342206322,7.010835023041475
4,上海青(份),9086.0,3070.0,2.9596091205211725,2.8294930875576036
5,东门口小白菜,8012.8222000000005,1543.478,5.191406809815236,1.4225603686635946
6,丝瓜尖,286.49060000000003,14.227,20.13710550361988,0.013112442396313364
7,云南油麦菜,70665.1061,10305.364,6.85711888488364,9.49803133640553
8,云南油麦菜(份),35692.1,8848.0,4.033917269439421,8.154838709677419
9,云南生菜,129756.9615,15910.461,8.155449518401761,14.66401935483871
10,云南生菜(份),63994.9,14325.0,4.467357766143107,13.202764976958525
11,余干椒,429.548,33.907,12.66841655115463,0.031250691244239626
12,保康高山大白菜,16003.2166,6484.736,2.467828543829695,5.976715207373272
13,冰草,229.8204,16.337,14.06747872926486,0.015057142857142857
14,冰草(盒),255.4,29.0,8.806896551724138,0.026728110599078342
15,净藕(1),211652.1013,27149.44,7.795818304171283,25.022525345622117
16,净藕(2),371.0292,62.221,5.9630864177689205,0.05734654377880184
17,净藕(3),2552.8646,348.8,7.318992545871559,0.3214746543778802
18,南瓜尖,151.592,18.428,8.226177555893207,0.016984331797235023
19,双孢菇,12956.7453,627.718,20.641028774067337,0.5785419354838709
20,双孢菇(份),79.80000000000001,10.0,7.980000000000001,0.009216589861751152
21,双孢菇(盒),22604.9,4229.0,5.345211633956018,3.897695852534562
22,双沟白菜,17.316,2.886,5.999999999999999,0.0026599078341013826
23,和丰阳光海鲜菇(包),244.0,109.0,2.238532110091743,0.10046082949308756
24,四川红香椿,10547.765300000001,333.223,31.65377329896196,0.3071179723502304
25,圆茄子(1),25.9012,4.981000000000001,5.199999999999999,0.00459078341013825
26,圆茄子(2),7804.0886,1047.689,7.448859919308115,0.9656119815668204
27,外地茼蒿,11699.693,732.615,15.96976993373054,0.675221198156682
28,外地茼蒿(份),952.4,127.0,7.4992125984251965,0.11705069124423963
29,大白菜,38758.6857,19187.218,2.0200263373251923,17.684071889400922
30,大白菜秧,116.56400000000001,16.538,7.048252509372355,0.015242396313364055
31,大芥兰,27.424,7.48,3.666310160427807,0.006894009216589862
32,大龙茄子,10233.7446,1167.218,8.76763775061728,1.0757769585253456
33,奶白菜,27812.8544,5816.308,4.781874412427952,5.360652534562212
34,奶白菜(份),22496.3,6931.0,3.245750973885442,6.388018433179724
35,奶白菜苗,168.29000000000002,16.829,10.0,0.015510599078341014
36,姜蒜小米椒组合装(小份),7547.8,1868.0,4.040578158458244,1.7216589861751153
37,姬菇(1),5661.9376,375.222,15.089567242858896,0.34582672811059906
38,姬菇(2),243.6166,16.953,14.37011738335398,0.015624884792626727
39,姬菇(份),2184.4,682.0,3.2029325513196483,0.6285714285714286
40,姬菇(包),6612.1,1071.0,6.173762838468721,0.9870967741935484
41,娃娃菜,45035.8,8982.0,5.014005789356491,8.278341013824885
42,小白菜,26916.7509,1707.303,15.76565548118875,1.5735511520737329
43,小白菜(份),2800.6,341.0,8.212903225806452,0.3142857142857143
44,小皱皮,1921.8562,163.64000000000001,11.744415790760204,0.15082027649769586
45,小皱皮(份),17567.7,5175.0,3.3947246376811595,4.7695852534562215
46,小米椒,40930.5079,1447.353,28.279561309507766,1.3339658986175116
47,小米椒(份),54979.4,10833.0,5.075177697775317,9.984331797235024
48,小青菜(1),18780.484800000002,3267.993,5.746794684076741,3.011975115207373
49,小青菜(2),454.6,296.0,1.5358108108108108,0.2728110599078341
50,小青菜(份),12220.0,4057.0,3.0120778900665517,3.7391705069124423
51,平菇,19641.6622,2542.959,7.723939788254549,2.3437410138248844
52,快菜,753.452,91.272,8.255017968270662,0.08412165898617512
53,春菜,183.71099999999998,24.996,7.349615938550167,0.02303778801843318
54,木耳菜,11099.5006,1566.64,7.084908211203594,1.4439078341013827
55,木耳菜(份),96.9,27.0,3.588888888888889,0.02488479262672811
56,本地上海青,1487.5732,596.697,2.493012701588914,0.5499511520737327
57,本地小毛白菜,554.5,121.02,4.581887291356801,0.11153917050691244
58,本地黄心油菜,4138.3678,1375.122,3.009455015627704,1.2673935483870968
59,杏鲍菇(1),24371.7466,2404.977,10.133879284500434,2.21656866359447
60,杏鲍菇(2),15390.1888,1304.552,11.797298076274462,1.202352073732719
61,杏鲍菇(250克),49.0,10.0,4.9,0.009216589861751152
62,杏鲍菇(份),311.4,102.0,3.052941176470588,0.09400921658986175
63,杏鲍菇(袋),7085.200000000001,1343.0,5.275651526433359,1.2377880184331798
64,枝江红菜苔,30845.2075,4962.454,6.215716558783216,4.573690322580645
65,枝江红菜苔(份),681.6,313.0,2.177635782747604,0.28847926267281104
66,枝江青梗散花,47414.9774,5821.571,8.144704822804703,5.365503225806451
67,槐花,174.07080000000002,9.3,18.717290322580645,0.008571428571428572
68,水果辣椒,629.4794,28.571,22.032109481642227,0.02633271889400922
69,水果辣椒(份),2190.0,283.0,7.738515901060071,0.2608294930875576
70,水果辣椒(橙色),10.707,0.415,25.800000000000004,0.0003824884792626728
71,油菜苔,380.879,40.726,9.352231989392527,0.037535483870967744
72,泡泡椒(精品),95568.6339,9703.125,9.84926339710145,8.942972350230415
73,洪山菜苔,99.0,25.0,3.96,0.02304147465437788
74,洪山菜薹珍品手提袋,44.5,3.0,14.833333333333334,0.0027649769585253456
75,洪山菜薹莲藕拼装礼盒,48.8,3.0,16.266666666666666,0.0027649769585253456
76,洪湖莲藕(粉藕),64339.600000000006,6052.0,10.631130204890946,5.577880184331797
77,洪湖莲藕(脆藕),395.20000000000005,40.0,9.88,0.03686635944700461
78,洪湖藕带,21463.0442,745.554,28.788047814108705,0.6871465437788018
79,活体银耳,4.9,1.0,4.9,0.0009216589861751152
80,海鲜菇(1),7739.5071,502.165,15.412279031792337,0.46282488479262673
81,海鲜菇(2),734.2768,51.895,14.149278350515463,0.04782949308755761
82,海鲜菇(份),8188.2,1301.0,6.293774019984627,1.1990783410138248
83,海鲜菇(包),4177.8,1303.0,3.2062931696085957,1.200921658986175
84,海鲜菇(袋)(1),5262.0,1266.0,4.156398104265403,1.1668202764976958
85,海鲜菇(袋)(2),2926.7,708.0,4.133757062146892,0.6525345622119816
86,海鲜菇(袋)(3),6437.0,1775.0,3.6264788732394364,1.6359447004608294
87,海鲜菇(袋)(4),7983.7,2149.0,3.7150767798976267,1.9806451612903226
88,灯笼椒(1),2675.0713,212.043,12.615702003838845,0.19543133640552995
89,灯笼椒(2),1228.795,76.596,16.042547913729177,0.07059539170506912
90,灯笼椒(份),16.5,6.0,2.75,0.005529953917050691
91,牛排菇,187.40359999999998,6.602,28.38588306573765,0.006084792626728111
92,牛排菇(盒),280.8,34.0,8.258823529411766,0.03133640552995392
93,牛首油菜,15172.1753,3836.566,3.9546238224495553,3.536005529953917
94,牛首生菜,3506.0886,899.837,3.8963596740298523,0.8293428571428572
95,猪肚菇(盒),79.4,7.0,11.342857142857143,0.0064516129032258064
96,猴头菇,24.5,3.0,8.166666666666666,0.0027649769585253456
97,甘蓝叶,11.316,0.943,12.000000000000002,0.0008691244239631336
98,甜白菜,35620.064,4685.261,7.6025783835735075,4.318212903225807
99,田七,609.8486,45.252,13.476721470874216,0.04170691244239631
100,白玉菇(1),107.80000000000001,22.0,4.9,0.020276497695852536
101,白玉菇(2),1008.8000000000001,251.0,4.019123505976096,0.2313364055299539
102,白玉菇(盒),486.3,168.0,2.8946428571428573,0.15483870967741936
103,白玉菇(袋),20492.9,2927.0,7.001332422275368,2.697695852534562
104,白菜苔,2877.1296,718.676,4.003375095314161,0.6623741935483871
105,白蒿,54.7254,2.224,24.606744604316546,0.0020497695852534563
106,秀珍菇,223.82999999999998,14.708,15.218248572205601,0.013555760368663594
107,竹叶菜,38934.738,7240.764,5.377158819152233,6.673515207373272
108,竹叶菜(份),2274.5,1076.0,2.1138475836431225,0.9917050691244239
109,紫圆茄,94.53,7.658,12.343954034996083,0.007058064516129033
110,紫尖椒,28.064,1.754,16.0,0.001616589861751152
111,紫白菜(1),180.2526,13.251,13.60294317410007,0.01221290322580645
112,紫白菜(2),9.024,0.615,14.673170731707316,0.0005668202764976958
113,紫苏,583.9350000000001,30.172,19.353539705687393,0.027808294930875575
114,紫苏(份),148.9,40.0,3.7225,0.03686635944700461
115,紫茄子(1),3237.7046,297.158,10.895565995194476,0.2738783410138249
116,紫茄子(2),117729.4239,13602.001,8.655301811843712,12.536406451612903
117,紫螺丝椒,119.58539999999999,6.843,17.475580885576502,0.006306912442396314
118,紫贝菜,446.0582,27.022,16.507223743616315,0.024905069124423963
119,红尖椒,6413.064,438.593,14.62190231034239,0.4042331797235023
120,红尖椒(份),5585.1,953.0,5.860545645330536,0.8783410138248848
121,红杭椒,15118.5445,658.56,22.95697354834791,0.6069677419354839
122,红杭椒(份),3399.2000000000003,707.0,4.807920792079209,0.6516129032258065
123,红椒(1),57285.8741,3457.875,16.56678569930955,3.1869815668202763
124,红椒(2),12936.7644,769.208,16.818291541429627,0.708947465437788
125,红椒(份),317.9,93.0,3.418279569892473,0.08571428571428572
126,红橡叶,8.2962,0.419,19.8,0.00038617511520737326
127,红灯笼椒(1),4921.8121,278.612,17.665470618638103,0.2567852534562212
128,红灯笼椒(2),3987.5684,214.81,18.56323448629021,0.1979815668202765
129,红灯笼椒(份),47.3,13.0,3.6384615384615384,0.011981566820276499
130,红珊瑚(粗叶),13.5036,0.682,19.8,0.0006285714285714286
131,红线椒,382.649,27.713,13.807563237469779,0.02554193548387097
132,红莲藕带,1073.3308,100.469,10.68320377429854,0.09259815668202764
133,红薯尖,30271.2539,5159.433,5.867166779760489,4.755237788018433
134,红薯尖(份),1421.7,727.0,1.9555708390646493,0.6700460829493088
135,组合椒系列,9398.9,641.0,14.662870514820593,0.5907834101382489
136,绣球菌,89.9,7.0,12.842857142857143,0.0064516129032258064
137,绣球菌(袋),25.6,2.0,12.8,0.0018433179723502304
138,绿牛油,22.8294,1.153,19.8,0.0010626728110599078
139,艾蒿,43.31999999999999,10.512,4.121004566210045,0.009688479262672812
140,芜湖青椒(1),205113.6991,28164.331,7.282747071109199,25.957908755760368
141,芝麻苋菜,56.286,9.381,6.0,0.008646082949308756
142,芥兰,6.710000000000001,0.671,10.0,0.0006184331797235023
143,芥菜,370.363,51.735,7.158847975258529,0.04768202764976959
144,花茄子,1149.0114,101.379,11.333820613736574,0.09343686635944701
145,花菇(一人份),18.7,3.0,6.233333333333333,0.0027649769585253456
146,苋菜,25511.7896,5100.061,5.002251855418985,4.700517050691244
147,苋菜(份),1171.2,426.0,2.749295774647887,0.39262672811059907
148,茶树菇(袋),771.0,90.0,8.566666666666666,0.08294930875576037
149,茼蒿,26871.0422,4110.162,6.5377087813083765,3.7881677419354842
150,茼蒿(份),1360.0,587.0,2.3168654173764907,0.5410138248847927
151,荠菜,92.08840000000001,15.887,5.7964625165229435,0.014642396313364055
152,荸荠,10670.2154,1671.424,6.38390701581406,1.5404829493087557
153,荸荠(份),59.0,10.0,5.9,0.009216589861751152
154,莲蓬(个),4523.0,2095.0,2.1589498806682577,1.9308755760368663
155,菊花油菜,84.72,8.472,10.0,0.007808294930875576
156,菌菇火锅套餐(份),90.10000000000001,8.0,11.262500000000001,0.007373271889400922
157,菌蔬四宝(份),86.7,13.0,6.6692307692307695,0.011981566820276499
158,菜心,32783.3697,4496.717,7.290512100272267,4.144439631336406
159,菜心(份),6609.8,2053.0,3.2195811008280564,1.8921658986175116
160,菠菜,52349.541,5216.461,10.035451429618663,4.807798156682028
161,菠菜(份),25351.600000000002,6342.0,3.997414064963734,5.84516129032258
162,菱角,1762.1858,126.422,13.938917277056209,0.11651797235023041
163,萝卜叶,2103.8182,415.325,5.065474507915488,0.3827880184331797
164,蒲公英,123.91550000000001,4.232,29.28060018903592,0.0039004608294930876
165,蔡甸藜蒿,13243.1145,939.575,14.09479232631775,0.8659677419354839
166,蔡甸藜蒿(份),232.9,65.0,3.583076923076923,0.059907834101382486
167,薄荷叶,133.50480000000002,7.568,17.640697674418607,0.006975115207373272
168,藕尖,74.456,18.614,4.0,0.017155760368663595
169,虫草花,1155.1684,39.977,28.895825099432177,0.03684516129032258
170,虫草花(份),5935.400000000001,1109.0,5.352028854824167,1.0221198156682028
171,虫草花(盒)(2),12.9,1.0,12.9,0.0009216589861751152
172,虫草花(袋),5973.0,978.0,6.107361963190184,0.9013824884792627
173,螺丝椒,82009.3451,7792.181,10.52456880814242,7.181733640552995
174,螺丝椒(份),40719.9,8235.0,4.944735883424408,7.589861751152074
175,蟹味菇(1),379.9,102.0,3.7245098039215683,0.09400921658986175
176,蟹味菇(2),394.3,95.0,4.150526315789474,0.08755760368663594
177,蟹味菇(盒),232.2,81.0,2.8666666666666667,0.07465437788018434
178,蟹味菇(袋),1882.1000000000001,399.0,4.717042606516291,0.36774193548387096
179,蟹味菇与白玉菇双拼(盒),2931.8,371.0,7.902425876010782,0.3419354838709677
180,襄甜红菜苔(袋),152.70000000000002,41.0,3.7243902439024392,0.03778801843317972
181,西兰花,269874.2472,27537.228,9.800341820897877,25.379933640552995
182,西峡花菇(1),60116.344300000004,2810.716,21.388267010968026,2.590521658986175
183,西峡花菇(2),178.0668,9.24,19.2712987012987,0.008516129032258065
184,西峡香菇(1),211198.3864,11920.227,17.717648028011546,10.986384331797236
185,西峡香菇(2),9001.054,413.841,21.75002960074038,0.3814202764976959
186,西峡香菇(份) ,1848.5,379.0,4.87730870712401,0.3493087557603687
187,豌豆尖,1134.0808,85.048,13.334596933496378,0.0783852534562212
188,赤松茸,61.6104,2.388,25.8,0.002200921658986175
189,赤松茸(盒),84.0,5.0,16.8,0.004608294930875576
190,辣妹子,1391.106,119.645,11.626946383049857,0.11027188940092165
191,野生粉藕,734.5600000000001,50.815,14.455574141493654,0.046834101382488474
192,野藕(1),4659.0984,448.86,10.379847613955352,0.4136958525345622
193,野藕(2),148.174,11.398,13.000000000000002,0.010505069124423963
194,金针菇(1),37318.2425,4697.47,7.944328010609966,4.329465437788019
195,金针菇(2),5685.5638,473.315,12.012219769075562,0.43623502304147466
196,金针菇(份),3.5,1.0,3.5,0.0009216589861751152
197,金针菇(盒),58640.9,15596.0,3.7599961528597077,14.374193548387098
198,金针菇(袋)(1),6268.6,2149.0,2.916984644020475,1.9806451612903226
199,金针菇(袋)(2),9964.6,3175.0,3.138456692913386,2.9262672811059907
200,金针菇(袋)(3),8434.9,2549.0,3.3091016084739113,2.3493087557603687
201,银耳(朵),1220.5,287.0,4.2526132404181185,0.2645161290322581
202,长线茄,26304.4744,2496.413,10.536908115764499,2.3008414746543777
203,随州泡泡青,2840.2674,675.221,4.206426340412991,0.6223235023041475
204,青尖椒,13361.2127,1186.531,11.260736297660998,1.0935769585253456
205,青尖椒(份),3243.5,932.0,3.4801502145922747,0.8589861751152074
206,青杭椒(1),33.1168,1.817,18.226086956521737,0.0016746543778801842
207,青杭椒(2),1142.42,128.5,8.890428015564202,0.1184331797235023
208,青杭椒(份),1423.1,457.0,3.114004376367615,0.42119815668202765
209,青梗散花,58273.2038,8393.786,6.942421905919451,7.736208294930876
210,青红尖椒组合装(份),249.3,45.0,5.54,0.041474654377880185
211,青红杭椒组合装(份),4831.7,1257.0,3.8438345266507556,1.1585253456221198
212,青线椒,30873.0994,2219.781,13.90817355405781,2.0458811059907833
213,青线椒(份),9473.8,2307.0,4.10654529692241,2.126267281105991
214,青茄子(1),23344.2111,3516.763,6.637982457163022,3.2412562211981566
215,青茄子(2),1201.1688000000001,190.522,6.304619938904694,0.1755963133640553
216,青菜苔,90.825,30.275,3.0000000000000004,0.02790322580645161
217,面条菜,117.8972,12.936,9.113883735312307,0.011922580645161291
218,马兰头,161.2658,3.3899999999999997,47.571032448377586,0.0031244239631336404
219,马齿苋,868.8514,94.315,9.212229231829507,0.08692626728110599
220,高瓜(1),16257.766300000001,1179.652,13.781832523489978,1.087236866359447
221,高瓜(2),8966.074700000001,449.684,19.938611780717128,0.41445529953917054
222,鱼腥草,332.9484,28.601,11.641145414495996,0.02636036866359447
223,鱼腥草(份),2190.2000000000003,470.0,4.66,0.43317972350230416
224,鲜木耳(1),2907.348,212.171,13.7028528875294,0.19554930875576035
225,鲜木耳(2),357.7266,28.535,12.53641492903452,0.02629953917050691
226,鲜木耳(份),1607.1,741.0,2.168825910931174,0.6829493087557603
227,鲜粽叶,114.27420000000001,6.009,19.01717423864204,0.005538248847926267
228,鲜粽叶(袋)(1),1180.0,200.0,5.9,0.18433179723502305
229,鲜粽叶(袋)(2),39.2,8.0,4.9,0.007373271889400922
230,鲜粽叶(袋)(3),867.0,128.0,6.7734375,0.11797235023041475
231,鲜粽子叶,122.0292,6.32,19.308417721518985,0.005824884792626729
232,鲜藕带(袋),388.2,21.0,18.485714285714284,0.01935483870967742
233,鸡枞菌,92.097,1.2149999999999999,75.8,0.001119815668202765
234,鹿茸菇(盒),14.700000000000001,3.0,4.9,0.0027649769585253456
235,黄心菜(1),17937.9581,2911.299,6.161496328614821,2.6832248847926268
236,黄心菜(2),13235.5698,1882.768,7.029846375124285,1.7352700460829493
237,黄白菜(1),1169.1042,155.496,7.518548387096773,0.14331428571428573
238,黄白菜(2),53478.1692,7987.99,6.69482175115392,7.362202764976958
239,黄花菜,127.60759999999999,1.784,71.52892376681613,0.0016442396313364055
240,黑油菜,435.9168,101.125,4.310672929542646,0.09320276497695852
241,黑牛肝菌,81.14439999999999,1.084,74.85645756457563,0.0009990783410138248
242,黑牛肝菌(盒),79.2,4.0,19.8,0.003686635944700461
243,黑皮鸡枞菌,603.127,5.795,104.07713546160483,0.005341013824884793
244,黑皮鸡枞菌(盒),69.3,4.0,17.325,0.003686635944700461
245,龙牙菜,1578.3292000000001,186.831,8.447897832800768,0.17219447004608293
